2.289714e-02 -2.006989e-02 2.649195e-03 1.348674e-02 -8.140160e-03 1.025829e-03
-2.006989e-02 3.384873e-01 -8.524731e-03 -1.602435e-02 1.365248e-01 -3.787785e-03
2.649195e-03 -8.524731e-03 2.033550e-03 1.325551e-03 -2.302112e-03 8.118290e-04
1.348674e-02 -1.602435e-02 1.325551e-03 3.215813e-02 -2.009077e-02 2.632264e-03
-8.140160e-03 1.365248e-01 -2.302112e-03 -2.009077e-02 2.319184e-01 -5.519689e-03
1.025829e-03 -3.787785e-03 8.118290e-04 2.632264e-03 -5.519689e-03 1.422890e-03
