a_s = 2.1e-09
baryon = 0.13333333333333333
baryon_fraction = 0.13333333333333333
cs2_de = 1.0
h0 = 0.72
hubble = 72.0
k_s = 0.05000000074505806
massless_nu = 3.046
n_run = 0.0
n_s = 0.96
ombh2 = 0.020735999999999997
omch2 = 0.134784
omega_b = 0.04
omega_c = 0.26
omega_k = 0.0
omega_lambda = 0.7
omega_m = 0.3
omega_nu = 0.0
ommh2 = 0.15552
omnuh2 = 0.0
r_t = 0.0
sigma_8 = 0.9076407098374825
tau = 0.08
w = -1.0
wa = 0.0
yhe = 0.23999999463558197
