a_s = 2.1e-09
baryon = 0.16666666666666669
baryon_fraction = 0.16666666666666666
cs2_de = 1.0
h0 = 0.7
hubble = 70.0
k_s = 0.05000000074505806
n_run = 0.0
n_s = 0.96
ombh2 = 0.024499999999999997
omch2 = 0.1225
omega_b = 0.05
omega_c = 0.25
omega_k = 0.0
omega_lambda = 0.7
omega_m = 0.3
omega_nu = 0.0
ommh2 = 0.147
omnuh2 = 0.0
r_t = 0.0
sigma_8 = 0.8251906910297194
tau = 0.08
w = -1.0
wa = 0.0
yhe = 0.23999999463558197
