age = 13.461449760717823
#age unit = Gyr
chistar = 13615.317054155654
#chistar unit = Gyr
cmbshift = 1.7413159258617497
nz = 500
rs_zdrag = 144.17469253252446
thetastar = 1.0445476288405489
#thetastar unit = 100 radian
zdrag = 1064.6629333496094
zstar = 1087.420741245237
