[cosmological_parameters]
cosmomc_theta = 1.039  1.04056   1.042 ; this is actually 100 * theta_mc
omega_k = 0.0     ;spatial curvature
ombh2 = 0.0218  0.022383  0.02317
omch2 = 0.1154  0.12011 0.1322

;neutrinos
mnu = 0.06
nnu = 3.046
num_massive_neutrinos = 1

;helium 
yhe = 0.245341  ;helium mass fraction

;reionization
tau = 0.035  0.0543  0.075      ;reionization optical depth

;inflation Parameters
n_s = 0.945  0.96605  0.99      ;scalar spectral index
log1e10As =  3.0  3.0448  3.105 ; structure amplitude parameter
k_s = 0.05      ;Power spectrum pivot scale 
n_run = 0.0     ;running of scalar spectrum 
r_t = 0.0       ;tensor to scalar ratio
n_t = 0.0       ;tensor spectral index 

;dark energy equation of state
w = -1.0   ;equation of state of dark energy
wa = 0.0   ;equation of state of dark energy (redshift dependency)

[act_params]
bandint_shift_dr6_pa4_f220 = -14.4  0.0  14.4
bandint_shift_dr6_pa5_f090 = -4.0  0.0  4.0
bandint_shift_dr6_pa5_f150 = -5.2  0.0  5.2
bandint_shift_dr6_pa6_f090 = -4.8  0.0  4.8
bandint_shift_dr6_pa6_f150 = -4.4  0.0  4.4
calG_all = 0.988  1.0  1.012
calE_dr6_pa4_f220 = 1.0
calE_dr6_pa5_f090 = 0.9  1.0  1.1
calE_dr6_pa5_f150 = 0.9  1.0  1.1
calE_dr6_pa6_f090 = 0.9  1.0  1.1
calE_dr6_pa6_f150 = 0.9  1.0  1.1
cal_dr6_pa4_f220 = 0.96  1.0  1.04
cal_dr6_pa5_f090 = 0.96  1.0  1.04
cal_dr6_pa5_f150 = 0.96  1.0  1.04
cal_dr6_pa6_f090 = 0.96  1.0  1.04
cal_dr6_pa6_f150 = 0.96  1.0  1.04

[cmb_foreground_params]
a_tSZ = 3.0  3.3  3.6
a_kSZ = 1.4  1.6  1.8
a_p = 6.2  6.9  7.6
beta_p = 1.8  2.0  2.2
a_c = 4.4  4.9  5.4
beta_c = 2.0  2.2  2.4
a_s = 2.8  3.0999999999999996  3.4
a_gtt = 0.99  2.79  4.59
xi = 0  0.1  0.2
T_d = 8.6  9.6  10.6
alpha_dT = -0.6
alpha_p = 1.0
alpha_tSZ = 0.0
a_gte = 0.19999999999999998  0.36  0.52
a_pste = -1  0.0  1
alpha_dE = -0.4
a_gee = 0.010000000000000009  0.13  0.25
a_psee = 0  0.1  0.2
alpha_dE = -0.4


beta_s =  -2.5
alpha_s = 1.0
T_effd = 19.6
beta_d = 1.5
