
[cosmological_parameters]
omch2         = 0.08 0.12 0.16
ombh2         = 0.01 0.02233 0.03
log1e10As     = 2.9 3.0448  3.2
n_s           = 0.86 0.96 1.06
cosmomc_theta = 0.9  1.04  1.20
omega_k       = 0.0
mnu           = 0.06
nnu           = 3.046
yhe           = 0.245341
tau           = 0.0543 
num_massive_neutrinos = 3

[candl_nuisance_parameters]
A_fg       = 0.0 1.0 2.0
tcal = 1.0
ecal = 1.0