[2pt_like]
angle_range_xip_1_1 = 2.475 999.0
angle_range_xip_1_2 = 6.21691892 999.0
angle_range_xip_1_3 = 6.21691892 999.0
angle_range_xip_1_4 = 4.93827423 999.0
angle_range_xip_2_2 = 6.21691892 999.0
angle_range_xip_2_3 = 6.21691892 999.0
angle_range_xip_2_4 = 6.21691892 999.0
angle_range_xip_3_3 = 6.21691892 999.0
angle_range_xip_3_4 = 6.21691892 999.0
angle_range_xip_4_4 = 4.93827423 999.0

angle_range_xim_1_1 = 24.75 999.0
angle_range_xim_1_2 = 62.16918918 999.0
angle_range_xim_1_3 = 62.16918918 999.0
angle_range_xim_1_4 = 49.3827423 999.0
angle_range_xim_2_2 = 62.16918918 999.0
angle_range_xim_2_3 = 78.26637209 999.0
angle_range_xim_2_4 = 78.26637209 999.0
angle_range_xim_3_3 = 78.26637209 999.0
angle_range_xim_3_4 = 78.26637209 999.0
angle_range_xim_4_4 = 62.16918918 999.0

angle_range_gammat_1_1 = 25.40688358 999.0
angle_range_gammat_1_2 = 25.40688358 999.0
angle_range_gammat_1_3 = 25.40688358 999.0
angle_range_gammat_1_4 = 25.40688358 999.0
angle_range_gammat_2_1 = 18.26006735 999.0
angle_range_gammat_2_2 = 18.26006735 999.0
angle_range_gammat_2_3 = 18.26006735 999.0
angle_range_gammat_2_4 = 18.26006735 999.0
angle_range_gammat_3_1 = 13.05578642 999.0
angle_range_gammat_3_2 = 13.05578642 999.0
angle_range_gammat_3_3 = 13.05578642 999.0
angle_range_gammat_3_4 = 13.05578642 999.0
angle_range_gammat_4_1 = 10.86591189 999.0
angle_range_gammat_4_2 = 10.86591189 999.0
angle_range_gammat_4_3 = 10.86591189 999.0
angle_range_gammat_4_4 = 10.86591189 999.0
angle_range_gammat_5_1 = 999.0 999.0
angle_range_gammat_5_2 = 999.0 999.0
angle_range_gammat_5_3 = 999.0 999.0
angle_range_gammat_5_4 = 999.0 999.0
angle_range_gammat_6_1 = 999.0 999.0
angle_range_gammat_6_2 = 999.0 999.0
angle_range_gammat_6_3 = 999.0 999.0
angle_range_gammat_6_4 = 999.0 999.0
angle_range_wtheta_1_1 = 33.8758448 999.0
angle_range_wtheta_1_2 = 33.8758448 999.0
angle_range_wtheta_1_3 = 33.8758448 999.0
angle_range_wtheta_1_4 = 33.8758448 999.0
angle_range_wtheta_1_5 = 999.0 999.0
angle_range_wtheta_1_6 = 999.0 999.0
angle_range_wtheta_2_2 = 24.3467565 999.0
angle_range_wtheta_2_3 = 24.3467565 999.0
angle_range_wtheta_2_4 = 24.3467565 999.0
angle_range_wtheta_2_5 = 999.0 999.0
angle_range_wtheta_2_6 = 999.0 999.0
angle_range_wtheta_3_3 = 17.40771522  999.0
angle_range_wtheta_3_4 = 17.40771522  999.0
angle_range_wtheta_3_5 = 999.0 999.0
angle_range_wtheta_3_6 = 999.0 999.0
angle_range_wtheta_4_4 = 14.48788252 999.0
angle_range_wtheta_4_5 = 999.0 999.0
angle_range_wtheta_4_6 = 999.0 999.0
angle_range_wtheta_5_5 = 999.0 999.0
angle_range_wtheta_5_6 = 999.0 999.0
angle_range_wtheta_6_6 = 999.0 999.0