[2pt_like]
angle_range_xip_1_1 = 2.475   999.0
angle_range_xip_1_2 = 6.21691892   999.0
angle_range_xip_1_3 = 6.21691892   999.0
angle_range_xip_1_4 = 4.93827423   999.0
angle_range_xip_2_2 = 6.21691892   999.0
angle_range_xip_2_3 = 6.21691892   999.0
angle_range_xip_2_4 = 6.21691892   999.0
angle_range_xip_3_3 = 6.21691892   999.0
angle_range_xip_3_4 = 6.21691892   999.0
angle_range_xip_4_4 = 4.93827423   999.0
angle_range_xim_1_1 = 24.75   999.0
angle_range_xim_1_2 = 62.16918918   999.0
angle_range_xim_1_3 = 62.16918918   999.0
angle_range_xim_1_4 = 49.3827423   999.0
angle_range_xim_2_2 = 62.16918918   999.0
angle_range_xim_2_3 = 78.26637209   999.0
angle_range_xim_2_4 = 78.26637209   999.0
angle_range_xim_3_3 = 78.26637209   999.0
angle_range_xim_3_4 = 78.26637209   999.0
angle_range_xim_4_4 = 62.16918918   999.0
angle_range_gammat_1_1 = 25.40688358   999.0
angle_range_gammat_1_2 = 25.40688358   999.0
angle_range_gammat_1_3 = 25.40688358   999.0
angle_range_gammat_1_4 = 25.40688358   999.0
angle_range_gammat_2_1 = 18.26006735   999.0
angle_range_gammat_2_2 = 18.26006735   999.0
angle_range_gammat_2_3 = 18.26006735   999.0
angle_range_gammat_2_4 = 18.26006735   999.0
angle_range_gammat_3_1 = 13.05578642   999.0
angle_range_gammat_3_2 = 13.05578642   999.0
angle_range_gammat_3_3 = 13.05578642   999.0
angle_range_gammat_3_4 = 13.05578642   999.0
angle_range_gammat_4_1 = 10.86591189   999.0
angle_range_gammat_4_2 = 10.86591189   999.0
angle_range_gammat_4_3 = 10.86591189   999.0
angle_range_gammat_4_4 = 10.86591189   999.0
angle_range_gammat_5_1 = 999.0   999.0
angle_range_gammat_5_2 = 999.0   999.0
angle_range_gammat_5_3 = 999.0   999.0
angle_range_gammat_5_4 = 999.0   999.0
angle_range_gammat_6_1 = 999.0   999.0
angle_range_gammat_6_2 = 999.0   999.0
angle_range_gammat_6_3 = 999.0   999.0
angle_range_gammat_6_4 = 999.0   999.0
angle_range_wtheta_1_1 = 33.8758448   999.0
angle_range_wtheta_2_2 = 24.3467565   999.0
angle_range_wtheta_3_3 = 17.40771522   999.0
angle_range_wtheta_4_4 = 14.48788252   999.0
angle_range_wtheta_5_5 = 999.0   999.0
angle_range_wtheta_6_6 = 999.0   999.0
angle_range_galaxy_cmbkappa_xi_spt_1_1 = 14.756042154695518   250.0
angle_range_galaxy_cmbkappa_xi_spt_2_1 = 11.316006674108987   250.0
angle_range_galaxy_cmbkappa_xi_spt_3_1 = 9.669874418317052   250.0
angle_range_galaxy_cmbkappa_xi_spt_4_1 = 8.856533183987837   250.0
angle_range_galaxy_cmbkappa_xi_spt_5_1 = 999.0   999.0
angle_range_galaxy_cmbkappa_xi_spt_6_1 = 999.0   999.0
angle_range_shear_cmbkappa_xi_spt_1_1 = 2.5   250.0
angle_range_shear_cmbkappa_xi_spt_2_1 = 2.5   250.0
angle_range_shear_cmbkappa_xi_spt_3_1 = 11.16708980377408   250.0
angle_range_shear_cmbkappa_xi_spt_4_1 = 17.698644609603445   250.0
angle_range_galaxy_cmbkappa_xi_planck_1_1 = 12.911536885358577   250.0
angle_range_galaxy_cmbkappa_xi_planck_2_1 = 9.901505839845363   250.0
angle_range_galaxy_cmbkappa_xi_planck_3_1 = 8.461140116027419   250.0
angle_range_galaxy_cmbkappa_xi_planck_4_1 = 7.749466535989358   250.0
angle_range_galaxy_cmbkappa_xi_planck_5_1 = 999.0   999.0
angle_range_galaxy_cmbkappa_xi_planck_6_1 = 999.0   999.0
angle_range_shear_cmbkappa_xi_planck_1_1 = 2.5   250.0
angle_range_shear_cmbkappa_xi_planck_2_1 = 2.5   250.0
angle_range_shear_cmbkappa_xi_planck_3_1 = 2.5   250.0
angle_range_shear_cmbkappa_xi_planck_4_1 = 2.5   250.0

