[cosmological_parameters]
omega_m  =  0.15    0.29352189787340449    0.4
h0  =  0.7
w  =  -1.0
omega_b  =  0.04
omega_k  =  0.0

; CAMB requires these parameters to be set even
; if they are not used
A_s = 2.0e-9
n_s = 1.0
tau = 0.08

[supernova_params]
deltam  =  -1.0    0.10389694794522009    1.0
alpha  =  0.12    0.13739414169356212    0.16
beta  =  2.0    3.093375908905898    3.5
m  =  -21.0  -19.35060231709248  -18.0


