[cosmological_parameters]
omega_m  =  0.1    0.3063036118532829    0.5
h0  =  0.6  0.7354480469440533  0.8

; If you fix w to -1.0 you can speed up the chain a bit
; by changing the astropy model parameter to lambdacdm.
omega_k  =  -0.6  -0.022816550535012373  0.6
w  =  -1.5  -0.911977794680283  -0.5
omega_b  =  0.04

; CAMB requires these parameters to be set even
; if they are not used
A_s = 2.0e-9
n_s = 1.0
tau = 0.08

[supernova_params]
m  =  -21.0  -19.241779811012353  -18.0


