[cosmological_parameters]
omega_m  =  0.15    0.29352189787340449    0.4
h0  =  0.7
w  =  -1.0
omega_b  =  0.04
omega_k  =  0.0

; CAMB requires these parameters to be set even
; if they are not used
A_s = 2.0e-9
n_s = 1.0
tau = 0.08

[supernova_params]
deltam  =  -1.0    0.040269532043826217    1.0
alpha  =  0.12    0.13674955412354009    0.16
beta  =  2.0    3.1028966354347833    3.5
m  =  -21.0  -19.0   -18.0


